# kl divergence 0.2, client = 100
kl_0_2_100client_=[[0.10411644955087472, 0.028635446599142227, 0.2160831001003442, 0.12875147052723152, 0.15611906693589148, 0.02502906637129241, 0.016088343657736252, 0.08310757334621094, 0.05524323417302981, 0.18682624873824627], [0.2242447809191396, 0.14562270668270735, 0.10948042548710288, 0.06112958589031631, 0.02522952603688025, 0.0038744053250322685, 0.16935919507901115, 0.11445288519562236, 0.08868179679525483, 0.05792469258893285], [0.11036183806758404, 0.07419234975772158, 0.1559960358983402, 0.14021985563737152, 0.26951437055755517, 0.012726003620074228, 0.10664280195651318, 0.032674051472815754, 0.04875931447333973, 0.04891337855868462], [0.08574832795841106, 0.04838565954901319, 0.1414208318217152, 0.09827637081544115, 0.05868475262517806, 0.24152533209108293, 0.1625845550861707, 0.0773093529424359, 0.003244633946483038, 0.08282018316406885], [0.04222499655898664, 0.17333527614834765, 0.11375061725708835, 0.027647281399871514, 0.07221477208771201, 0.029681936948392308, 0.11242591290846193, 0.16094824324870374, 0.04881167906341627, 0.21895928437901963], [0.12341283548691326, 0.044488754056785096, 0.15110893072472228, 0.0020527839695531056, 0.10022232090210595, 0.07134928333910796, 0.0442432677406859, 0.08799786651195717, 0.2202914303718463, 0.15483252689632304], [0.08012479676425094, 0.19495604883082482, 0.11058100100705658, 0.12471284049626905, 0.029371543529662487, 0.02270369921994087, 0.1951610876103755, 0.10347077977124404, 0.0608705746041354, 0.07804762816624021], [0.019194222193229308, 0.20314921310537762, 0.08477100807582542, 0.04828138988329184, 0.04281408142988481, 0.12193585186018545, 0.06386643299337588, 0.11032491993233502, 0.16008834446370024, 0.14557453606279452], [0.1515814788432701, 0.14237264000465796, 0.08887732754881908, 0.10596771651823528, 0.16694466894783283, 0.1074712641896818, 0.15059584401956572, 0.025117280390856853, 0.05701938597261624, 0.004052393564464321], [0.05709143205693504, 0.15317148418194784, 0.07718171081802751, 0.025574978145591492, 0.059996511070588156, 0.05077887804066001, 0.04849667752274516, 0.2108147147188181, 0.14272820871535266, 0.17416540472933398], [0.012462547224264963, 0.047003616763527045, 0.2011046073297046, 0.031965420040915536, 0.06246033393125933, 0.06023212662220757, 0.23760486379382195, 0.12717872902091176, 0.11380479127308715, 0.10618296400030017], [0.01276414452047282, 0.20611887666486847, 0.1966324001938698, 0.08433162576141144, 0.0782502054489794, 0.06309417059598749, 0.05930429469240803, 0.03586161740916228, 0.1755462997566169, 0.08809636495622329], [0.06220718976350539, 0.07323626976142998, 0.2937283365235693, 0.08226292963037946, 0.09827622070492052, 0.0512295291741267, 0.06825387520765311, 0.06501940812919994, 0.16828376741879275, 0.037502473686422656], [0.1493808911025501, 0.005110249627706218, 0.07292718369398915, 0.0488004451020098, 0.09181046609527643, 0.22955698637157648, 0.14958959775276834, 0.07225437494863156, 0.0901889297613618, 0.09038087554413043], [0.142622832715228, 0.18631407838217717, 0.04192129156094552, 0.05309927811742422, 0.06142350752369427, 0.08272272169979793, 0.15668042948355373, 0.20959873924679806, 0.0066588405717285335, 0.0589582806986527], [0.1962505262553479, 0.134202624208876, 0.040155125673596595, 0.16954937041797433, 0.009813402167497263, 0.13949904953786174, 0.04160030209662027, 0.17383930312208876, 0.05235409358867036, 0.04273620293146679], [0.0912694044486622, 0.0887535546422275, 0.1689313134839564, 0.05987827768195044, 0.055874145912693365, 0.2585886755208229, 0.046846522965027663, 0.015403829020732871, 0.1347998962992775, 0.07965438002464909], [0.022952792799186595, 0.06923158310139488, 0.20448517312025255, 0.15835599513457743, 0.004863715780570256, 0.08463598543464924, 0.047757489427934174, 0.11710569887086697, 0.09112423216713424, 0.19948733416343356], [0.10926815208147342, 0.0016155473528345, 0.17881887153072554, 0.20946506285854347, 0.04300916609562473, 0.08011019688603106, 0.0652903720802555, 0.08044059097693203, 0.10042791189335117, 0.13155412824422852], [0.04309541225309909, 0.01380479032874875, 0.004760080573174413, 0.16280177748028563, 0.07513480778651989, 0.11000256892398447, 0.07414520778198026, 0.1852074458386468, 0.1650461828301736, 0.16600172620338713], [0.020581519989104225, 0.08821013008265415, 0.15636016109258527, 0.06206801746201054, 0.17704752893253312, 0.037293801370619474, 0.20394994516956894, 0.15287562371632482, 0.07807831375860526, 0.023534958425994252], [0.12535683951737472, 0.03606463578860993, 0.07475037751344626, 0.01601211519280856, 0.04681487166753464, 0.10333338503116524, 0.18310285088048942, 0.04528247324735521, 0.24240427989930013, 0.1268781712619159], [0.08992905976099597, 0.106704334252978, 0.08771789405822591, 0.10511563217819485, 0.2867692413090778, 0.012756720358346497, 0.08548697198935663, 0.04876674490547579, 0.03584358404170016, 0.14090981714564838], [0.026399143783682556, 0.19546587556080444, 0.15244767225919417, 0.03190208426017291, 0.014163865152122673, 0.12202035099801752, 0.16735635662769358, 0.16904620260571734, 0.07031965790867077, 0.05087879084392416], [0.007962022500449587, 0.0322717795562974, 0.14270444911202754, 0.13734746833935327, 0.05653373751442127, 0.10860544648163864, 0.12025658891112234, 0.22196174864138493, 0.034426277704565945, 0.13793048123873908], [0.046484302668916996, 0.11268657991797612, 0.10435446028153918, 0.09790065945880008, 0.21419164801900953, 0.0016660171653671732, 0.12197380120025395, 0.02043334807349774, 0.1232316296348483, 0.157077553579791], [0.23703873565214525, 0.028024666357985426, 0.06463510890470961, 0.08754991648274452, 0.12517874207963134, 0.04354824615530899, 0.14799878780338516, 0.07004322064197789, 0.08693156080850957, 0.10905101511360223], [0.13568927784991597, 0.19461872987718523, 0.1391329399855598, 0.04664082053424943, 0.2257335766145905, 0.04361454685371971, 0.09799609165021912, 0.03129004274942043, 0.07256737252812424, 0.012716601357015444], [0.10564625799506128, 0.08400456097592629, 0.06250449700396574, 0.024796039278576473, 0.09719030416443755, 0.11125833425374958, 0.04071383279944828, 0.3070896845864657, 0.09413471195954905, 0.0726617769828203], [0.066870083477494, 0.17708181408284168, 0.1455467038877272, 0.06807121850797175, 0.029008541485202342, 0.1175237948963955, 0.0438696348312558, 0.06268047341505861, 0.062180816606259195, 0.22716691880979384], [0.13496768658228306, 0.013715120068696915, 0.1498530170643573, 0.06481828684482352, 0.14763888548670076, 0.026019693133735772, 0.1734015454251466, 0.06638997542111713, 0.15072326648203369, 0.0724725234911055], [0.028525146936084936, 0.06763972433350444, 0.17075701866876983, 0.23187508147733996, 0.025561976923338423, 0.10345269912033854, 0.14201927962322, 0.12104771046211643, 0.008197501995659438, 0.10092386045962799], [0.07660494466673405, 0.01908647889894025, 0.17764189828638788, 0.07566435778725647, 0.05714547252870985, 0.09503438572718974, 0.07030246294736887, 0.290734542612873, 0.0358468738082036, 0.10193858273633645], [0.040960282686655754, 0.1535699523884511, 0.1427198269861684, 0.024340488047905225, 0.12342311345121164, 0.05280141159528937, 0.08091415871986343, 0.1392412735535364, 0.2063944231787221, 0.03563506939219659], [0.13200993324834906, 0.009696858020663283, 0.024296213939457308, 0.13658063357590677, 0.0476726408725242, 0.035141643858467436, 0.14251444589287265, 0.20449800853038502, 0.10333922039038364, 0.16425040167099045], [0.07446785617930314, 0.23130344274908388, 0.21451616956573002, 0.062482966653212624, 0.02694566599003532, 0.11693158859667782, 0.06156379245715814, 0.08015180864229315, 0.10456140322514014, 0.02707530594136583], [0.18056976091710308, 0.24626818008912288, 0.036400704645892526, 0.05215742277504395, 0.15163504013378054, 0.06014518029101597, 0.04942241948767979, 0.07942198798071054, 0.10898947985969683, 0.03498982381995393], [0.04791703234699289, 0.07087610039897117, 0.0713065034241571, 0.06281774679068201, 0.21905862896599193, 0.1653638575578033, 0.012186469420274992, 0.11723739824793257, 0.10576623356366811, 0.12747002928352608], [0.2766995420104094, 0.05313933049352375, 0.16754577499642284, 0.016034249375548502, 0.1155489395096966, 0.043487171481013616, 0.10347101873165214, 0.0282361024123483, 0.10194604117041792, 0.09389182981896681], [0.10414798944883978, 0.1854364253134542, 0.1042210917066934, 0.07750133104880264, 0.1873358424569344, 0.1170326322727273, 0.004920263500746391, 0.09327294427166358, 0.060286723114373345, 0.06584475686576503], [0.08413420656181758, 0.11428048915623755, 0.15801203335976827, 0.010458536598811503, 0.09342407374930814, 0.25254918160151074, 0.051139171547911616, 0.042072617921695483, 0.08924226818022893, 0.10468742132271011], [0.057666144039497096, 0.15703519380653233, 0.017736283540871454, 0.054128640270170725, 0.05478153137411163, 0.09393615821657873, 0.187249967362241, 0.07852171610352399, 0.16594391630207733, 0.13300044898439578], [0.08610209896793922, 0.2114442143936115, 0.023031700067129342, 0.04629016686420631, 0.0646448858884704, 0.19961355980839648, 0.03870327794142747, 0.11554432695116323, 0.1082421077223474, 0.1063836613953086], [0.2666570578684776, 0.1963663651414821, 0.08538590700619272, 0.09075781976388986, 0.08358008722080243, 0.08211352557115659, 0.08250716472574253, 0.05658948214145137, 0.05156827823463863, 0.004474312326166218], [0.015117997060084735, 0.07575001150211029, 0.06699965868133638, 0.17125187051578694, 0.019727744217076126, 0.15550144252796172, 0.20004222014501857, 0.05822651461869387, 0.13695155610932297, 0.10043098462260833], [0.054659825538836936, 0.08653890975953768, 0.22526345742873208, 0.09540068504678516, 0.059087637521239196, 0.017214777326676898, 0.15082115393036832, 0.13537077862991267, 0.1661545006996514, 0.00948827411825962], [0.11080027926740872, 0.07063775876781586, 0.04378673004252903, 0.16509043448812388, 0.05754141292159525, 0.10348227302909582, 0.04803583128961883, 0.03579072872244123, 0.1911336003260042, 0.17370095114536718], [0.14454820962412737, 0.016425830190245773, 0.03961858552129638, 0.13237692318487668, 0.033455128695234024, 0.061152164826104964, 0.10917586757555317, 0.11364478913393136, 0.23648596061004926, 0.11311654063858098], [0.06545503956488763, 0.08611558706101477, 0.10899070546227681, 0.16901262226637764, 0.11640881776206552, 0.051517105684116396, 0.030675004066950562, 0.15902248133884223, 0.01482282663629726, 0.19797981015717134], [0.016810036800644645, 0.09303094612745019, 0.1471528701910808, 0.12240605999631213, 0.16596699696007172, 0.03385679685394708, 0.1241082930488246, 0.14117995638903627, 0.016175509333555618, 0.13931253429907697], [0.13229879311739173, 0.10234697931754415, 0.0054108063115406975, 0.18245119080553268, 0.10459496595385892, 0.17945221332397843, 0.0870407284263902, 0.11356822534723236, 0.0257327992345137, 0.06710329816201703], [0.048875999128455375, 0.12854572082877394, 0.15690180396251963, 0.09814478417229329, 0.0382305843102103, 0.03288489310555714, 0.03191319041328854, 0.19964303061199534, 0.07112724072259366, 0.19373275274431276], [0.025644155285435906, 0.0737482926330274, 0.15085637729129645, 0.07392808088421707, 0.17386195582858913, 0.22401604755094062, 0.13638628244794931, 0.033444685404853715, 0.058503152774841215, 0.04961096989884923], [0.036063922925853586, 0.07771410283257345, 0.27028759879813957, 0.10828938418720911, 0.08195984562580921, 0.025928335588089865, 0.060658050587301574, 0.06755086153459187, 0.18138433934691606, 0.0901635585735156], [0.016768268937366205, 0.18159354387629592, 0.019302138473640162, 0.0975823437466496, 0.013583687360090123, 0.1355470301698205, 0.15644753004256723, 0.09108095027612263, 0.19034912459707662, 0.0977453825203711], [0.05211019707919855, 0.21504854028239967, 0.02445789310692692, 0.09270026103020726, 0.14335213732834287, 0.16503783718689283, 0.10756040817098425, 0.07039146111393833, 0.08445941528781803, 0.04488184941329124], [0.08202859325730102, 0.17812815618011577, 0.0611694030790878, 0.2890429404549007, 0.10534821724043789, 0.0858210832270848, 0.021354344870091857, 0.08083592785390732, 0.04661256880559538, 0.04965876503147749], [0.11173659776637793, 0.02538002849796558, 0.18260334978381662, 0.08018835415911309, 0.12823601141402097, 0.025392393757396527, 0.13320607964081974, 0.21753298608571636, 0.03792110092562638, 0.05780309796914689], [0.020272402226564127, 0.08452817879706058, 0.016700118236950137, 0.19125094955125183, 0.1290432479760695, 0.01527146641709226, 0.1297513444196357, 0.18594156367081147, 0.13557973367300868, 0.09166099503155566], [0.08066479573710127, 0.1716002979354264, 0.20927532856485756, 0.05584919112748466, 0.06631131475724387, 0.09810544261882315, 0.042418083944796174, 0.08181271599608016, 0.19148230309122277, 0.0024805262269640507], [0.11766854088520706, 0.05703147279531904, 0.002585646912596747, 0.27241424882338877, 0.06102213346005135, 0.1211991199555611, 0.03896830929322578, 0.10646174469365553, 0.08053131047597678, 0.14211747270501773], [0.06600216669854692, 0.14717103551313732, 0.06015941655289532, 0.06958485699984952, 0.06762495598307812, 0.17391451535719785, 0.02604954455880941, 0.26079104160768396, 0.07184507844745568, 0.056857388281346045], [0.039597234608350955, 0.18696749984005198, 0.03940061775908874, 0.11499270664652425, 0.023885106828045306, 0.15630315614313867, 0.175222557869317, 0.022479954486664136, 0.05999207091798741, 0.18115909490083146], [0.10088793284807333, 0.028245883022613303, 0.056759583431602124, 0.08066997135403593, 0.10708184382703843, 0.20707382626170248, 0.1383707624399662, 0.004047743335478741, 0.06323638342301462, 0.21362607005647474], [0.06047734973098628, 0.061276980979945286, 0.09275770668375183, 0.19122632688797836, 0.24183821974564557, 0.08298303821887469, 0.011872628147194213, 0.1081854585979905, 0.10097999744593181, 0.04840229356170157], [0.05614185257309862, 0.11952578164016717, 0.22218693042654417, 0.07677360609003546, 0.0339647806783664, 0.1490526044971176, 0.021429645948989832, 0.1304504871732285, 0.16384324297711428, 0.02663106799533792], [0.05904304115960432, 0.10942318075774388, 0.22973578293709995, 0.03742993774065338, 0.21045585307648096, 0.04086910223047335, 0.0639781365509272, 0.12911885070305823, 0.10066163795059753, 0.019284476893361265], [0.25961176526776325, 0.014290840204897827, 0.08198866092124865, 0.0737921130921895, 0.0752769481805387, 0.17615473070843224, 0.10016789100507294, 0.11529781624371237, 0.03162829585029052, 0.07179093852585396], [0.01010866492614211, 0.14259412770998636, 0.042322106866972985, 0.1086509835005853, 0.06113069915261634, 0.04472386619653144, 0.16709573267186084, 0.1030901427025967, 0.22696081113505515, 0.09332286513765277], [0.011546508685585112, 0.05160961149683787, 0.13515764232948638, 0.15326451338681413, 0.181222811106534, 0.009537481268060753, 0.08863468896922896, 0.14102847978888297, 0.14367023843218385, 0.08432802453638598], [0.13665246091219774, 0.10420535697049195, 0.20251095994171986, 0.06245059977843482, 0.21211708181455616, 0.05975369155325151, 0.060815201129168064, 0.05054568122600114, 0.06039438015343299, 0.05055458652074582], [0.08229318875211869, 0.19590916222794116, 0.030481320568527398, 0.015273778284342659, 0.09032477429917653, 0.05610007595568615, 0.0780059277429942, 0.11280963758348042, 0.13513035519404318, 0.2036717793916895], [0.13113379648910475, 0.052937566492320176, 0.037601836448634435, 0.11951319176759749, 0.06074953732892113, 0.108661165614336, 0.0072777026047420555, 0.11066524312161279, 0.11080268469898837, 0.26065727543374295], [0.006117959124112668, 0.05089124552646543, 0.13731665246568692, 0.0656140715503103, 0.09188823699628777, 0.15081863366262513, 0.12589148517648138, 0.01843496582692692, 0.22829027550885456, 0.1247364741622489], [0.010678053914130134, 0.09806169059465172, 0.07623415295736752, 0.0961061281586546, 0.07615956714189186, 0.037520382431368904, 0.19790602864414608, 0.24148331296510467, 0.04181598945389659, 0.12403469373878805], [0.09638752785401093, 0.044490897141741925, 0.0921560779479476, 0.033648033347455, 0.17698938094227276, 0.07889873157864499, 0.04868339321684446, 0.07093611770592813, 0.2324350583428686, 0.1253747819222856], [0.029686578563126814, 0.015396192375669637, 0.11187477690857653, 0.10250608256470174, 0.05520946900612608, 0.05232815700385094, 0.134005392122565, 0.07136899003182048, 0.21629500980981592, 0.21132935161374689], [0.07588604667540322, 0.1000568085263262, 0.11373717823158497, 0.052259299877256506, 0.11907469401418279, 0.026609192327538188, 0.04123025516939652, 0.13551540455488842, 0.2580796738584848, 0.07755144676493828], [0.025967236631309502, 0.14524692828258257, 0.04101462685972208, 0.14706963694321323, 0.15664134972518515, 0.07431495167141469, 0.06546135406414724, 0.07238656365698928, 0.07322725270890418, 0.19867009945653205], [0.04547904151953907, 0.10044935239198986, 0.07895153841855795, 0.121224476468188, 0.026666952431348378, 0.005493666276990171, 0.1426020773482897, 0.13979238603137115, 0.12767310039666985, 0.21166740871705603], [0.06600858658025589, 0.21161532147627257, 0.178783756834294, 0.1615034756293808, 0.14214957165986172, 0.01573787315062104, 0.045515418065392825, 0.04539926691433365, 0.01679909917442042, 0.11648763051516713], [0.18726947168759792, 0.13544010063358128, 0.02273775267393932, 0.0938416599415098, 0.11711452945152125, 0.044631084859529976, 0.06760741160430818, 0.03456932656167355, 0.09544867250974312, 0.20133999007659553], [0.09137762909075679, 0.024995997049361646, 0.17632259687022378, 0.02693804144728052, 0.1953181018185391, 0.033283332077188976, 0.09007510998937207, 0.06637171409483664, 0.1379370544226988, 0.1573804231397417], [0.15967225014624128, 0.07936446390345564, 0.07380994329834589, 0.13621885206850237, 0.20185955595446675, 0.0971388022737287, 0.015952976019407393, 0.10352914960793576, 0.002068194605343727, 0.1303858121225724], [0.06249515126976788, 0.025812979582211463, 0.1750140458130811, 0.07273039877230433, 0.15106584390184546, 0.09560606081285379, 0.17026232938964747, 0.02155113975932917, 0.18873142435976958, 0.036730626339189595], [0.04089533504291477, 0.04135277222259971, 0.02585079526223103, 0.2182885792207267, 0.15008545058142836, 0.21947773908484644, 0.0232869525349751, 0.08062908901222013, 0.11250653238545044, 0.08762675465260746], [0.07285907686678528, 0.07407747145706117, 0.017821730924612582, 0.04002093532602721, 0.21739493862624493, 0.00862524969271634, 0.1549068406158973, 0.17080680510133056, 0.1519224579947839, 0.0915644933945408], [0.005447771458643963, 0.0697058614028622, 0.21939686866839844, 0.15814959359007486, 0.14215496532982838, 0.009711126670356911, 0.07827495126875833, 0.13236486852879542, 0.06486475373386437, 0.11992923934841697], [0.10196239650525829, 0.18587949571492515, 0.11459317046076949, 0.0722235743839822, 0.030938045835047733, 0.03250518646970672, 0.1452304311501565, 0.11158968478504155, 0.01164748364507122, 0.1934305310500412], [0.09481265192507282, 0.08328229868359834, 0.0373841228909466, 0.13436612026255498, 0.16858535454251772, 0.02976254449806096, 0.04479776030042913, 0.046920495730855584, 0.12320225517497896, 0.23688639599098496], [0.13984391449362166, 0.09586904890251624, 0.17493217424880833, 0.09000465540125224, 0.006670417150796849, 0.049097122664769205, 0.02924749585205594, 0.1190460246959978, 0.0839666800881208, 0.2113224665020608], [0.19956197750587848, 0.027224547414917963, 0.1301732222472603, 0.005918969298073531, 0.07697109339240968, 0.1541766423833365, 0.1919047067372708, 0.08939231048255106, 0.05250972211769858, 0.07216680842060307], [0.2090890316342227, 0.08820652345293045, 0.10789861326759767, 0.0972808614323405, 0.09451333704260793, 0.10195031726849475, 0.06977125833071589, 0.018768849557220933, 0.18590387186108526, 0.026617336152784016], [0.09592465494631885, 0.15889846699585874, 0.09498845556589063, 0.07604596182678816, 0.040214741081584994, 0.04578223684147066, 0.07211670116763272, 0.1568181710911296, 0.02797665443674056, 0.231233956046585], [0.05889807420112349, 0.11975780046778302, 0.09691543502853321, 0.12709458946394245, 0.039412660446137254, 0.013034869220766142, 0.058672277067121026, 0.17409692266566218, 0.2123488194000482, 0.09976855203888313], [0.03458386906594309, 0.12163984911639535, 0.10598174773303423, 0.0946933074510347, 0.2003342888849985, 0.04310405856625764, 0.08213675026856805, 0.11837768161666372, 0.0013556874363127973, 0.19779275986079206], [0.07856914704427471, 0.04659896239177494, 0.09578940487196157, 0.04410362320684189, 0.11439560812806258, 0.17238375715649945, 0.2688480436303136, 0.08443345748139602, 0.0820038634160233, 0.012874132672852026], [0.2730969050397559, 0.02991616222323906, 0.05690849489530518, 0.07862657628685175, 0.09570652500549034, 0.11330908918853344, 0.09893191331659795, 0.058713258226422024, 0.086045660414689, 0.10874541540311541], [0.15357907450051506, 0.013469804950498477, 0.20357485322050467, 0.076213894721795, 0.012628378695220968, 0.10590017281456496, 0.15195245495742804, 0.05261109993627769, 0.1461535793695355, 0.08391668683365966], [0.11435754388876955, 0.03845235026880246, 0.0949677370273672, 0.07720787058261896, 0.2944868447854713, 0.14282563550813077, 0.06661232500191987, 0.08055397161717825, 0.03402677149868994, 0.05650894982105173]]


# kl divergence 0.4, client = 100
